0 FILE railroad_crossing_set_03.io
0 Untitled Model
0 Name:  railroad_crossing_set_03
0 Author:  SHIN KUBOAKI
0 CustomBrick
0 NumOfBricks:  301
1 16 -2377.348000 140.000000 2506.368000 -1.000000 0.000000 0.000000 0.000000 1.000000 0.000000 0.000000 0.000000 -1.000000 submodel group 1
0 STEP
1 16 -2587.234000 160.022900 2560.240000 1.000000 0.000000 0.000000 0.000000 1.000000 0.000000 0.000000 0.000000 1.000000 submodel group 2
1 2 -2480.000000 168.000000 2500.000000 1.000000 0.000000 0.000000 0.000000 1.000000 0.000000 0.000000 0.000000 1.000000 3032.dat
1 2 -2480.000000 160.000000 2460.000000 1.000000 0.000000 0.000000 0.000000 1.000000 0.000000 0.000000 0.000000 1.000000 3795.dat
1 0 -2580.000000 160.000000 2560.000000 1.000000 0.000000 0.000000 0.000000 1.000000 0.000000 0.000000 0.000000 1.000000 3027.dat
1 71 -2600.000000 168.000000 2610.000000 1.000000 0.000000 0.000000 0.000000 1.000000 0.000000 0.000000 0.000000 1.000000 4477.dat
0 STEP
1 2 -2040.000000 168.000000 2500.000000 -1.000000 0.000000 0.000000 0.000000 1.000000 0.000000 0.000000 0.000000 -1.000000 3032.dat
1 71 -2040.000000 160.000000 2460.000000 -1.000000 0.000000 0.000000 0.000000 1.000000 0.000000 0.000000 0.000000 -1.000000 3020.dat
1 71 -2040.000000 160.000000 2500.000000 -1.000000 0.000000 0.000000 0.000000 1.000000 0.000000 0.000000 0.000000 -1.000000 3020.dat
1 71 -2040.000000 152.000000 2460.000000 -1.000000 0.000000 0.000000 0.000000 1.000000 0.000000 0.000000 0.000000 -1.000000 87079.dat
1 71 -2070.000000 152.000000 2500.000000 0.000000 0.000000 1.000000 0.000000 1.000000 0.000000 -1.000000 0.000000 0.000000 3069b.dat
1 71 -2010.000000 152.000000 2500.000000 0.000000 0.000000 1.000000 0.000000 1.000000 0.000000 -1.000000 0.000000 0.000000 3069b.dat
1 16 -1991.000000 102.500000 2403.000000 1.000000 0.000000 0.000000 0.000000 1.000000 0.000000 0.000000 0.000000 1.000000 submodel group
0 STEP
1 72 -2580.000000 168.000000 2380.000000 1.000000 0.000000 0.000000 0.000000 1.000000 0.000000 0.000000 0.000000 1.000000 53401.dat
1 72 -1940.000000 168.000000 2380.000000 1.000000 0.000000 0.000000 0.000000 1.000000 0.000000 0.000000 0.000000 1.000000 53401.dat
1 71 -2340.000000 152.000000 2260.000000 1.000000 0.000000 0.000000 0.000000 1.000000 0.000000 0.000000 0.000000 1.000000 4515.dat
1 71 -2180.000000 152.000000 2260.000000 1.000000 0.000000 0.000000 0.000000 1.000000 0.000000 0.000000 0.000000 1.000000 4515.dat
1 71 -2340.000000 152.000000 2500.000000 -1.000000 0.000000 0.000000 0.000000 1.000000 0.000000 0.000000 0.000000 -1.000000 4515.dat
1 71 -2180.000000 152.000000 2500.000000 -1.000000 0.000000 0.000000 0.000000 1.000000 0.000000 0.000000 0.000000 -1.000000 4515.dat
1 72 -2260.000000 168.000000 2380.000000 1.000000 0.000000 0.000000 0.000000 1.000000 0.000000 0.000000 0.000000 1.000000 53401.dat
1 71 -2340.000000 160.000000 2380.000000 1.000000 0.000000 0.000000 0.000000 1.000000 0.000000 0.000000 0.000000 1.000000 3035.dat
1 71 -2180.000000 160.000000 2380.000000 1.000000 0.000000 0.000000 0.000000 1.000000 0.000000 0.000000 0.000000 1.000000 3035.dat
1 71 -2400.000000 152.000000 2400.000000 1.000000 0.000000 0.000000 0.000000 1.000000 0.000000 0.000000 0.000000 1.000000 3068b.dat
1 71 -2360.000000 152.000000 2400.000000 1.000000 0.000000 0.000000 0.000000 1.000000 0.000000 0.000000 0.000000 1.000000 3068b.dat
1 71 -2320.000000 152.000000 2400.000000 1.000000 0.000000 0.000000 0.000000 1.000000 0.000000 0.000000 0.000000 1.000000 3068b.dat
1 71 -2400.000000 152.000000 2360.000000 1.000000 0.000000 0.000000 0.000000 1.000000 0.000000 0.000000 0.000000 1.000000 3068b.dat
1 71 -2360.000000 152.000000 2360.000000 1.000000 0.000000 0.000000 0.000000 1.000000 0.000000 0.000000 0.000000 1.000000 3068b.dat
1 71 -2320.000000 152.000000 2360.000000 1.000000 0.000000 0.000000 0.000000 1.000000 0.000000 0.000000 0.000000 1.000000 3068b.dat
1 71 -2280.000000 152.000000 2400.000000 1.000000 0.000000 0.000000 0.000000 1.000000 0.000000 0.000000 0.000000 1.000000 3068b.dat
1 71 -2240.000000 152.000000 2400.000000 1.000000 0.000000 0.000000 0.000000 1.000000 0.000000 0.000000 0.000000 1.000000 3068b.dat
1 71 -2200.000000 152.000000 2400.000000 1.000000 0.000000 0.000000 0.000000 1.000000 0.000000 0.000000 0.000000 1.000000 3068b.dat
1 71 -2280.000000 152.000000 2360.000000 1.000000 0.000000 0.000000 0.000000 1.000000 0.000000 0.000000 0.000000 1.000000 3068b.dat
1 71 -2240.000000 152.000000 2360.000000 1.000000 0.000000 0.000000 0.000000 1.000000 0.000000 0.000000 0.000000 1.000000 3068b.dat
1 71 -2200.000000 152.000000 2360.000000 1.000000 0.000000 0.000000 0.000000 1.000000 0.000000 0.000000 0.000000 1.000000 3068b.dat
1 71 -2160.000000 152.000000 2400.000000 1.000000 0.000000 0.000000 0.000000 1.000000 0.000000 0.000000 0.000000 1.000000 3068b.dat
1 71 -2120.000000 152.000000 2400.000000 1.000000 0.000000 0.000000 0.000000 1.000000 0.000000 0.000000 0.000000 1.000000 3068b.dat
1 71 -2160.000000 152.000000 2360.000000 1.000000 0.000000 0.000000 0.000000 1.000000 0.000000 0.000000 0.000000 1.000000 3068b.dat
1 71 -2120.000000 152.000000 2360.000000 1.000000 0.000000 0.000000 0.000000 1.000000 0.000000 0.000000 0.000000 1.000000 3068b.dat
0 STEP
1 2 -2480.000000 168.000000 2260.000000 1.000000 0.000000 0.000000 0.000000 1.000000 0.000000 0.000000 0.000000 1.000000 3032.dat
1 71 -2480.000000 160.000000 2300.000000 1.000000 0.000000 0.000000 0.000000 1.000000 0.000000 0.000000 0.000000 1.000000 3020.dat
1 71 -2480.000000 160.000000 2260.000000 1.000000 0.000000 0.000000 0.000000 1.000000 0.000000 0.000000 0.000000 1.000000 3020.dat
1 71 -2480.000000 152.000000 2300.000000 1.000000 0.000000 0.000000 0.000000 1.000000 0.000000 0.000000 0.000000 1.000000 87079.dat
1 71 -2510.000000 152.000000 2260.000000 0.000000 0.000000 1.000000 0.000000 1.000000 0.000000 -1.000000 0.000000 0.000000 3069b.dat
1 71 -2450.000000 152.000000 2260.000000 0.000000 0.000000 1.000000 0.000000 1.000000 0.000000 -1.000000 0.000000 0.000000 3069b.dat
1 16 -2529.000000 102.500000 2357.000000 -1.000000 0.000000 0.000000 0.000000 1.000000 0.000000 0.000000 0.000000 -1.000000 submodel group 8
0 STEP
1 16 -2142.652000 140.000000 2253.632000 1.000000 0.000000 0.000000 0.000000 1.000000 0.000000 0.000000 0.000000 1.000000 submodel group 1
1 16 -1932.766000 160.022900 2199.760000 -1.000000 0.000000 0.000000 0.000000 1.000000 0.000000 0.000000 0.000000 -1.000000 submodel group 2
1 2 -2040.000000 168.000000 2260.000000 -1.000000 0.000000 0.000000 0.000000 1.000000 0.000000 0.000000 0.000000 -1.000000 3032.dat
1 2 -2040.000000 160.000000 2300.000000 -1.000000 0.000000 0.000000 0.000000 1.000000 0.000000 0.000000 0.000000 -1.000000 3795.dat
1 0 -1940.000000 160.000000 2200.000000 -1.000000 0.000000 0.000000 0.000000 1.000000 0.000000 0.000000 0.000000 -1.000000 3027.dat
1 71 -1920.000000 168.000000 2150.000000 1.000000 0.000000 0.000000 0.000000 1.000000 0.000000 0.000000 0.000000 1.000000 4477.dat
1 2 -660.000100 160.000000 2300.000000 -1.000000 0.000000 0.000000 0.000000 1.000000 0.000000 0.000000 0.000000 -1.000000 3020.dat
1 16 -2248.200000 184.000000 1733.999000 0.000000 0.000000 -1.000000 0.000000 1.000000 0.000000 1.000000 0.000000 0.000000 controller
0 STEP
1 16 -2579.875000 177.875000 2140.000000 1.000000 0.000000 0.000000 0.000000 1.000000 0.000000 0.000000 0.000000 1.000000 detector
0 STEP
1 72 -1620.000000 168.000000 2380.000000 1.000000 0.000000 0.000000 0.000000 1.000000 0.000000 0.000000 0.000000 1.000000 53401.dat
1 72 -1300.000000 168.000000 2380.000000 1.000000 0.000000 0.000000 0.000000 1.000000 0.000000 0.000000 0.000000 1.000000 53401.dat
1 72 -980.000000 168.000000 2380.000000 1.000000 0.000000 0.000000 0.000000 1.000000 0.000000 0.000000 0.000000 1.000000 53401.dat
1 72 -660.000000 168.000000 2380.000000 -1.000000 0.000000 0.000000 0.000000 1.000000 0.000000 0.000000 0.000000 -1.000000 53401.dat
1 16 -662.250100 176.000000 2204.500000 1.000000 0.000000 0.000000 0.000000 1.000000 0.000000 0.000000 0.000000 1.000000 checker
0 STEP
1 72 -2900.000000 168.000000 2380.000000 -1.000000 0.000000 0.000000 0.000000 1.000000 0.000000 0.000000 0.000000 -1.000000 53401.dat
1 72 -3220.000000 168.000000 2380.000000 1.000000 0.000000 0.000000 0.000000 1.000000 0.000000 0.000000 0.000000 1.000000 53401.dat
1 72 -3540.000000 168.000000 2380.000000 1.000000 0.000000 0.000000 0.000000 1.000000 0.000000 0.000000 0.000000 1.000000 53401.dat
1 72 -3860.000000 168.000000 2380.000000 1.000000 0.000000 0.000000 0.000000 1.000000 0.000000 0.000000 0.000000 1.000000 53401.dat
1 72 -4180.000000 168.000000 2380.000000 1.000000 0.000000 0.000000 0.000000 1.000000 0.000000 0.000000 0.000000 1.000000 53401.dat
1 16 -4182.250000 176.000000 2204.500000 1.000000 0.000000 0.000000 0.000000 1.000000 0.000000 0.000000 0.000000 1.000000 checker
0 STEP
1 16 -4860.186000 176.000000 1588.725000 0.195396 0.000000 -0.980725 0.000000 1.000000 0.000000 0.980725 0.000000 0.195396 curves
1 16 0.068570 176.000000 1575.159000 0.980704 0.000000 0.195501 0.000000 1.000000 0.000000 -0.195501 0.000000 0.980704 curves2
1 72 -3220.563000 168.000000 780.916400 -1.000000 0.000000 0.000106 0.000000 1.000000 0.000000 -0.000106 0.000000 -1.000000 53401.dat
1 72 -3540.563000 168.000000 780.882400 1.000000 0.000000 -0.000106 0.000000 1.000000 0.000000 0.000106 0.000000 1.000000 53401.dat
1 72 -3860.563000 168.000000 780.848300 1.000000 0.000000 -0.000106 0.000000 1.000000 0.000000 0.000106 0.000000 1.000000 53401.dat
1 72 -4180.563000 168.000000 780.814100 1.000000 0.000000 -0.000106 0.000000 1.000000 0.000000 0.000106 0.000000 1.000000 53401.dat
1 72 -1940.563000 168.000000 781.052600 -1.000000 0.000000 0.000106 0.000000 1.000000 0.000000 -0.000106 0.000000 -1.000000 53401.dat
1 72 -2260.563000 168.000000 781.018600 1.000000 0.000000 -0.000106 0.000000 1.000000 0.000000 0.000106 0.000000 1.000000 53401.dat
1 72 -2580.563000 168.000000 780.984400 1.000000 0.000000 -0.000106 0.000000 1.000000 0.000000 0.000106 0.000000 1.000000 53401.dat
1 72 -2900.563000 168.000000 780.950600 1.000000 0.000000 -0.000106 0.000000 1.000000 0.000000 0.000106 0.000000 1.000000 53401.dat
1 72 -660.742600 168.000000 780.812200 -1.000000 0.000000 -0.000107 0.000000 1.000000 0.000000 0.000107 0.000000 -1.000000 53401.dat
1 72 -980.742600 168.000000 780.846400 1.000000 0.000000 0.000107 0.000000 1.000000 0.000000 -0.000107 0.000000 1.000000 53401.dat
1 72 -1300.743000 168.000000 780.880400 1.000000 0.000000 0.000107 0.000000 1.000000 0.000000 -0.000107 0.000000 1.000000 53401.dat
1 72 -1620.743000 168.000000 780.914600 1.000000 0.000000 0.000107 0.000000 1.000000 0.000000 -0.000107 0.000000 1.000000 53401.dat
0 STEP
0 NOFILE
0 FILE SubModel Group 1
0 SubModel Group 1
0 Name:  SubModel Group 1
0 Author:  
0 CustomBrick
0 NumOfBricks:  17
1 72 -212.578200 -54.117580 -3.632610 -0.999999 0.000000 0.000000 0.000000 1.000001 0.000000 0.000000 0.000000 -0.999998 55013.dat
1 0 -280.167800 -54.117600 -3.632610 0.000000 -0.999999 0.000000 -1.000001 0.000000 0.000000 0.000000 0.000000 -0.999998 18654.dat
1 14 -250.387800 -54.117610 -3.632610 0.999999 -0.000001 -0.000001 -0.000001 -1.000001 0.000000 -0.000001 0.000000 -0.999998 62462.dat
1 0 -210.698100 -54.117540 -3.632610 0.999999 0.000000 0.000000 0.000000 -1.000001 0.000000 0.000000 0.000000 -0.999998 62462.dat
1 14 -170.698100 -54.117540 -3.632610 0.999999 -0.000001 -0.000001 -0.000001 -1.000001 0.000000 -0.000001 0.000000 -0.999998 62462.dat
1 0 -130.698100 -54.120400 -3.632580 0.000000 0.000000 0.999999 0.000000 1.000001 0.000000 -0.999998 0.000000 0.000000 59443.dat
1 0 -10.698210 -54.048460 -3.632580 1.000000 -0.000694 0.000000 0.000694 1.000000 0.000000 0.000000 0.000000 1.000000 3708.dat
1 14 -90.698150 -54.117560 -3.632580 0.999999 -0.000001 -0.000001 -0.000001 -1.000001 0.000000 -0.000001 0.000000 -0.999998 62462.dat
1 0 -50.698160 -54.089790 -3.632580 0.999999 0.000000 0.000000 0.000000 -1.000001 0.000000 0.000000 0.000000 -0.999998 62462.dat
1 14 -10.698220 -54.062040 -3.632580 0.999999 -0.000001 -0.000001 -0.000001 -1.000001 0.000000 -0.000001 0.000000 -0.999998 62462.dat
1 0 29.301720 -54.034280 -3.632580 0.999999 0.000000 0.000000 0.000000 -1.000001 0.000000 0.000000 0.000000 -0.999998 62462.dat
1 71 61.121800 -54.005560 -3.632580 0.000000 0.000000 -1.000000 0.000000 1.000000 0.000000 1.000000 0.000000 0.000000 3713.dat
1 71 82.201790 -53.977050 -3.632570 -1.000000 0.000000 0.000000 0.000000 1.000000 0.000000 0.000000 0.000000 -1.000000 63869.dat
1 0 100.551800 -53.978200 -3.632580 1.000000 0.000000 0.000000 0.000000 -1.000000 0.000000 0.000000 0.000000 -1.000000 6536.dat
1 4 62.201780 -33.977050 -3.632560 0.000000 0.000000 1.000000 0.000000 1.000000 0.000000 -1.000000 0.000000 0.000000 32054.dat
1 4 102.201800 -33.977050 -3.632570 0.000000 0.000000 1.000000 0.000000 1.000000 0.000000 -1.000000 0.000000 0.000000 32054.dat
1 1 82.201800 -33.977050 -13.632540 0.000000 0.000000 1.000000 0.000000 1.000000 0.000000 -1.000000 0.000000 0.000000 43093.dat
0 NOFILE
0 FILE SubModel Group 2
0 SubModel Group 2
0 Name:  SubModel Group 2
0 Author:  
0 CustomBrick
0 NumOfBricks:  19
1 15 127.684100 -53.999980 -10.239260 0.000000 0.000000 1.000000 0.000000 1.000000 0.000000 -1.000000 0.000000 0.000000 95658.dat
1 1 87.684070 -114.000000 -30.239260 0.000000 0.000000 1.000000 0.000000 1.000000 0.000000 -1.000000 0.000000 0.000000 6558.dat
1 71 -72.315920 -54.000000 -10.239260 0.000000 0.000000 1.000000 1.000000 0.000000 0.000000 0.000000 1.000000 0.000000 32526.dat
1 1 -12.315920 -54.000000 9.760739 0.000000 0.000000 1.000000 0.000000 1.000000 0.000000 -1.000000 0.000000 0.000000 6558.dat
1 1 -52.315920 -54.000000 9.760739 0.000000 0.000000 1.000000 0.000000 1.000000 0.000000 -1.000000 0.000000 0.000000 6558.dat
1 0 -32.315920 -14.000020 29.610840 1.000000 0.000000 0.000000 0.000000 0.000000 -1.000000 0.000000 1.000000 0.000000 60484.dat
1 0 -72.315920 -53.801000 -20.239260 0.000000 0.000000 1.000000 0.000000 1.000000 0.000000 -1.000000 0.000000 0.000000 2780.dat
1 0 -72.315920 -54.000020 -30.239500 1.000000 0.000000 0.000000 0.000000 0.000000 1.000000 0.000000 -1.000000 0.000000 60484.dat
1 0 7.684080 -33.801010 -0.239260 0.000000 0.000000 1.000000 0.000000 1.000000 0.000000 -1.000000 0.000000 0.000000 2780.dat
1 0 7.684080 -13.801010 -0.239260 0.000000 0.000000 1.000000 0.000000 1.000000 0.000000 -1.000000 0.000000 0.000000 2780.dat
1 71 67.684080 -14.000000 9.760739 0.000000 0.000000 -1.000000 -1.000000 0.000000 0.000000 0.000000 1.000000 0.000000 32140.dat
1 0 47.684080 -13.801000 -0.239260 0.000000 0.000000 1.000000 0.000000 1.000000 0.000000 -1.000000 0.000000 0.000000 2780.dat
1 1 67.683840 -14.000000 -0.239260 -0.000001 0.000000 -1.000000 0.000000 1.000000 0.000000 1.000000 0.000000 -0.000001 43093.dat
1 2 67.683840 -24.000000 -10.239260 1.000000 0.000000 0.000000 0.000000 1.000000 0.000000 0.000000 0.000000 1.000000 3701.dat
1 0 -32.315920 -14.000020 39.610840 0.000000 0.000000 1.000000 0.000000 1.000000 0.000000 -1.000000 0.000000 0.000000 2780.dat
1 0 -52.315920 -24.000020 49.610840 1.000000 0.000000 0.000000 0.000000 1.000000 0.000000 0.000000 0.000000 1.000000 3894.dat
1 0 -52.315920 -14.000000 -40.239500 0.000000 0.000000 1.000000 0.000000 1.000000 0.000000 -1.000000 0.000000 0.000000 2780.dat
1 0 -92.315920 -14.000000 -40.239500 0.000000 0.000000 1.000000 0.000000 1.000000 0.000000 -1.000000 0.000000 0.000000 2780.dat
1 0 -52.315920 -24.000000 -50.239500 1.000000 0.000000 0.000000 0.000000 1.000000 0.000000 0.000000 0.000000 1.000000 3894.dat
0 NOFILE
0 FILE SubModel Group
0 SubModel Group
0 Name:  SubModel Group
0 Author:  
0 CustomBrick
0 NumOfBricks:  37
1 16 0.000010 8.000000 0.000010 1.000000 0.000000 0.000000 0.000000 1.000000 0.000000 0.000000 0.000000 1.000000 submodel group 7
0 NOFILE
0 FILE SubModel Group 7
0 SubModel Group 7
0 Name:  SubModel Group 7
0 Author:  
0 CustomBrick
0 NumOfBricks:  37
1 0 -49.000000 1.599990 97.000000 1.000000 0.000000 0.000000 0.000000 1.000000 0.000000 0.000000 0.000000 1.000000 3942c.dat
1 71 -49.000000 49.500000 97.000000 1.000000 0.000000 0.000000 0.000000 1.000000 0.000000 0.000000 0.000000 1.000000 2460.dat
1 16 -39.000000 -81.399880 123.000000 1.000000 0.000000 0.000000 0.000000 1.000000 0.000000 0.000000 0.000000 1.000000 submodel group 10
1 16 38.016120 -556.399500 -48.999520 1.000000 -0.000001 0.000000 -0.000001 -1.000000 0.000000 0.000000 0.000000 -1.000000 kreuz copy
1 0 -49.007550 -171.329800 96.999980 1.000000 0.000000 0.000000 0.000000 1.000000 0.000000 0.000000 0.000000 1.000000 3062b.dat
1 14 -49.007820 -146.730100 97.000000 1.000000 0.000000 0.000000 0.000000 1.000000 0.000000 0.000000 0.000000 1.000000 3062b.dat
1 14 -49.000000 -23.240000 97.000000 1.000000 0.000000 0.000000 0.000000 1.000000 0.000000 0.000000 0.000000 1.000000 3062b.dat
1 0 -49.000000 -47.940010 97.000000 1.000000 0.000000 0.000000 0.000000 1.000000 0.000000 0.000000 0.000000 1.000000 3062b.dat
1 14 -49.000000 -72.640010 97.000000 1.000000 0.000000 0.000000 0.000000 1.000000 0.000000 0.000000 0.000000 1.000000 3062b.dat
1 0 -49.000000 -95.790010 97.000000 1.000000 0.000000 0.000000 0.000000 1.000000 0.000000 0.000000 0.000000 1.000000 3062b.dat
1 71 -49.000000 -2.900010 97.000000 1.000000 0.000000 0.000000 0.000000 1.000000 0.000000 0.000000 0.000000 1.000000 63965.dat
0 NOFILE
0 FILE SubModel Group 10
0 SubModel Group 10
0 Name:  SubModel Group 10
0 Author:  
0 CustomBrick
0 NumOfBricks:  11
1 0 -40.000000 -20.000060 0.000000 1.000000 -0.000001 0.000000 0.000000 0.000000 -1.000000 0.000001 1.000000 0.000000 4740.dat
1 36 -40.000000 -20.000060 8.000000 1.000000 -0.000001 0.000000 0.000000 0.000000 -1.000000 0.000001 1.000000 0.000000 6141.dat
1 0 -40.000000 -20.000060 -8.000000 -1.000000 -0.000001 0.000000 0.000000 0.000000 1.000000 -0.000001 1.000000 0.000000 26047.dat
1 15 -40.000000 -42.000140 -26.000000 -1.000000 0.000000 -0.000001 0.000000 1.000000 0.000000 0.000001 0.000000 -1.000000 61252.dat
1 0 20.000020 -20.000140 0.000000 1.000000 -0.000001 0.000000 0.000000 0.000000 -1.000000 0.000001 1.000000 0.000000 4740.dat
1 36 20.000020 -20.000010 8.000219 1.000001 -0.000001 0.000000 0.000000 0.000000 -1.000002 0.000001 1.000002 0.000000 6141.dat
1 0 20.000020 -20.000140 -8.000000 -1.000000 -0.000001 0.000000 0.000000 0.000000 1.000000 -0.000001 1.000000 0.000000 26047.dat
1 15 20.000000 -42.000140 -26.000000 -1.000000 0.000000 -0.000001 0.000000 1.000000 0.000000 0.000001 0.000000 -1.000000 61252.dat
1 15 -10.000000 -34.000140 -26.000000 -1.000000 0.000000 0.000000 0.000000 1.000000 0.000000 0.000000 0.000000 -1.000000 3710.dat
1 15 -10.000000 -42.000140 -26.000000 -1.000000 0.000000 0.000000 0.000000 1.000000 0.000000 0.000000 0.000000 -1.000000 15573.dat
1 15 -10.000000 -26.000140 -26.000000 -1.000000 0.000000 0.000000 0.000000 1.000000 0.000000 0.000000 0.000000 -1.000000 35459.dat
0 NOFILE
0 FILE Kreuz Copy
0 Kreuz Copy
0 Name:  Kreuz Copy
0 Author:  
0 CustomBrick
0 NumOfBricks:  17
1 0 -87.023740 -366.999800 -155.999500 -0.999992 0.000001 -0.000006 -0.000006 -0.000001 0.999992 0.000001 1.000000 0.000001 87087.dat
1 0 -87.023690 -373.159800 -145.999500 1.000000 -0.000009 0.000000 -0.000009 -1.000000 0.000000 0.000000 0.000000 -1.000000 87994.dat
1 15 -87.023780 -366.999800 -163.999500 0.707099 0.000000 -0.707097 -0.707097 0.000000 -0.707100 -0.000001 1.000000 0.000000 15397.dat
1 15 -108.237100 -345.787100 -171.999600 0.707099 0.000001 -0.707097 -0.707097 0.000000 -0.707099 -0.000001 1.000000 0.000001 3023.dat
1 15 -65.000000 -388.212600 -172.000000 0.707108 0.000001 -0.707105 -0.707105 0.000000 -0.707108 -0.000001 1.000000 0.000001 3023.dat
1 15 -108.237000 -388.213600 -171.999600 -0.707097 0.000001 -0.707099 -0.707099 0.000000 0.707097 0.000001 1.000000 0.000001 3023.dat
1 15 -66.598940 -345.787100 -171.874900 -0.707097 0.000001 -0.707100 -0.707099 0.000000 0.707097 0.000001 1.000000 0.000001 3023.dat
1 15 -87.024560 -367.000300 -171.999600 0.707099 0.000001 -0.707097 -0.707097 0.000000 -0.707099 -0.000001 1.000000 0.000001 3024.dat
1 0 -115.308200 -338.716100 -179.999600 0.707099 0.000001 -0.707097 -0.707097 0.000000 -0.707099 -0.000001 1.000000 0.000001 3070a.dat
1 0 -58.740500 -338.716000 -179.999600 0.707099 0.000001 -0.707097 -0.707097 0.000000 -0.707099 -0.000001 1.000000 0.000001 3070a.dat
1 14 -73.669870 -352.858200 -179.874900 0.707099 0.000001 -0.707097 -0.707097 0.000000 -0.707099 -0.000001 1.000000 0.000001 3070a.dat
1 14 -101.166000 -381.142500 -179.999600 0.707099 0.000001 -0.707097 -0.707097 0.000000 -0.707099 -0.000001 1.000000 0.000001 3070a.dat
1 0 -115.308100 -395.284700 -179.999600 0.707099 0.000001 -0.707097 -0.707097 0.000000 -0.707099 -0.000001 1.000000 0.000001 3070a.dat
1 0 -58.740400 -395.284500 -179.999700 0.707099 0.000001 -0.707097 -0.707097 0.000000 -0.707099 -0.000001 1.000000 0.000001 3070a.dat
1 0 -87.024570 -367.000300 -179.999600 0.707099 0.000001 -0.707098 -0.707097 0.000000 -0.707099 -0.000002 1.000000 0.000001 3070a.dat
1 14 -101.166100 -352.858300 -179.999600 0.707099 0.000001 -0.707098 -0.707097 0.000000 -0.707099 -0.000002 1.000000 0.000001 3070a.dat
1 14 -72.882540 -381.142500 -179.999600 0.707099 0.000001 -0.707097 -0.707097 0.000000 -0.707099 -0.000002 1.000000 0.000001 3070a.dat
0 NOFILE
0 FILE SubModel Group 8
0 SubModel Group 8
0 Name:  SubModel Group 8
0 Author:  
0 CustomBrick
0 NumOfBricks:  37
1 0 -49.000000 1.599990 97.000000 1.000000 0.000000 0.000000 0.000000 1.000000 0.000000 0.000000 0.000000 1.000000 3942c.dat
1 71 -49.000000 49.500000 97.000000 1.000000 0.000000 0.000000 0.000000 1.000000 0.000000 0.000000 0.000000 1.000000 2460.dat
1 16 -39.000000 -81.399880 123.000000 1.000000 0.000000 0.000000 0.000000 1.000000 0.000000 0.000000 0.000000 1.000000 submodel group 11
1 16 38.016120 -556.399500 -48.999520 1.000000 -0.000001 0.000000 -0.000001 -1.000000 0.000000 0.000000 0.000000 -1.000000 kreuz copy 2
1 0 -49.007550 -171.329800 96.999980 1.000000 0.000000 0.000000 0.000000 1.000000 0.000000 0.000000 0.000000 1.000000 3062b.dat
1 14 -49.007820 -146.730100 97.000000 1.000000 0.000000 0.000000 0.000000 1.000000 0.000000 0.000000 0.000000 1.000000 3062b.dat
1 14 -49.000000 -23.240000 97.000000 1.000000 0.000000 0.000000 0.000000 1.000000 0.000000 0.000000 0.000000 1.000000 3062b.dat
1 0 -49.000000 -47.940010 97.000000 1.000000 0.000000 0.000000 0.000000 1.000000 0.000000 0.000000 0.000000 1.000000 3062b.dat
1 14 -49.000000 -72.640010 97.000000 1.000000 0.000000 0.000000 0.000000 1.000000 0.000000 0.000000 0.000000 1.000000 3062b.dat
1 0 -49.000000 -95.790010 97.000000 1.000000 0.000000 0.000000 0.000000 1.000000 0.000000 0.000000 0.000000 1.000000 3062b.dat
1 71 -49.000000 -2.900010 97.000000 1.000000 0.000000 0.000000 0.000000 1.000000 0.000000 0.000000 0.000000 1.000000 63965.dat
0 NOFILE
0 FILE SubModel Group 11
0 SubModel Group 11
0 Name:  SubModel Group 11
0 Author:  
0 CustomBrick
0 NumOfBricks:  11
1 0 -40.000000 -20.000060 0.000000 1.000000 -0.000001 0.000000 0.000000 0.000000 -1.000000 0.000001 1.000000 0.000000 4740.dat
1 36 -40.000000 -20.000060 8.000000 1.000000 -0.000001 0.000000 0.000000 0.000000 -1.000000 0.000001 1.000000 0.000000 6141.dat
1 0 -40.000000 -20.000060 -8.000000 -1.000000 -0.000001 0.000000 0.000000 0.000000 1.000000 -0.000001 1.000000 0.000000 26047.dat
1 15 -40.000000 -42.000140 -26.000000 -1.000000 0.000000 -0.000001 0.000000 1.000000 0.000000 0.000001 0.000000 -1.000000 61252.dat
1 0 20.000020 -20.000140 0.000000 1.000000 -0.000001 0.000000 0.000000 0.000000 -1.000000 0.000001 1.000000 0.000000 4740.dat
1 36 20.000020 -20.000010 8.000219 1.000001 -0.000001 0.000000 0.000000 0.000000 -1.000002 0.000001 1.000002 0.000000 6141.dat
1 0 20.000020 -20.000140 -8.000000 -1.000000 -0.000001 0.000000 0.000000 0.000000 1.000000 -0.000001 1.000000 0.000000 26047.dat
1 15 20.000000 -42.000140 -26.000000 -1.000000 0.000000 -0.000001 0.000000 1.000000 0.000000 0.000001 0.000000 -1.000000 61252.dat
1 15 -10.000000 -34.000140 -26.000000 -1.000000 0.000000 0.000000 0.000000 1.000000 0.000000 0.000000 0.000000 -1.000000 3710.dat
1 15 -10.000000 -42.000140 -26.000000 -1.000000 0.000000 0.000000 0.000000 1.000000 0.000000 0.000000 0.000000 -1.000000 15573.dat
1 15 -10.000000 -26.000140 -26.000000 -1.000000 0.000000 0.000000 0.000000 1.000000 0.000000 0.000000 0.000000 -1.000000 35459.dat
0 NOFILE
0 FILE Kreuz Copy 2
0 Kreuz Copy 2
0 Name:  Kreuz Copy 2
0 Author:  
0 CustomBrick
0 NumOfBricks:  17
1 0 -87.023740 -366.999800 -155.999500 -0.999992 0.000001 -0.000006 -0.000006 -0.000001 0.999992 0.000001 1.000000 0.000001 87087.dat
1 0 -87.023690 -373.159800 -145.999500 1.000000 -0.000009 0.000000 -0.000009 -1.000000 0.000000 0.000000 0.000000 -1.000000 87994.dat
1 15 -87.023780 -366.999800 -163.999500 0.707099 0.000000 -0.707097 -0.707097 0.000000 -0.707100 -0.000001 1.000000 0.000000 15397.dat
1 15 -108.237100 -345.787100 -171.999600 0.707099 0.000001 -0.707097 -0.707097 0.000000 -0.707099 -0.000001 1.000000 0.000001 3023.dat
1 15 -65.000000 -388.212600 -172.000000 0.707108 0.000001 -0.707105 -0.707105 0.000000 -0.707108 -0.000001 1.000000 0.000001 3023.dat
1 15 -108.237000 -388.213600 -171.999600 -0.707097 0.000001 -0.707099 -0.707099 0.000000 0.707097 0.000001 1.000000 0.000001 3023.dat
1 15 -66.598940 -345.787100 -171.874900 -0.707097 0.000001 -0.707100 -0.707099 0.000000 0.707097 0.000001 1.000000 0.000001 3023.dat
1 15 -87.024560 -367.000300 -171.999600 0.707099 0.000001 -0.707097 -0.707097 0.000000 -0.707099 -0.000001 1.000000 0.000001 3024.dat
1 0 -115.308200 -338.716100 -179.999600 0.707099 0.000001 -0.707097 -0.707097 0.000000 -0.707099 -0.000001 1.000000 0.000001 3070a.dat
1 0 -58.740500 -338.716000 -179.999600 0.707099 0.000001 -0.707097 -0.707097 0.000000 -0.707099 -0.000001 1.000000 0.000001 3070a.dat
1 14 -73.669870 -352.858200 -179.874900 0.707099 0.000001 -0.707097 -0.707097 0.000000 -0.707099 -0.000001 1.000000 0.000001 3070a.dat
1 14 -101.166000 -381.142500 -179.999600 0.707099 0.000001 -0.707097 -0.707097 0.000000 -0.707099 -0.000001 1.000000 0.000001 3070a.dat
1 0 -115.308100 -395.284700 -179.999600 0.707099 0.000001 -0.707097 -0.707097 0.000000 -0.707099 -0.000001 1.000000 0.000001 3070a.dat
1 0 -58.740400 -395.284500 -179.999700 0.707099 0.000001 -0.707097 -0.707097 0.000000 -0.707099 -0.000001 1.000000 0.000001 3070a.dat
1 0 -87.024570 -367.000300 -179.999600 0.707099 0.000001 -0.707098 -0.707097 0.000000 -0.707099 -0.000002 1.000000 0.000001 3070a.dat
1 14 -101.166100 -352.858300 -179.999600 0.707099 0.000001 -0.707098 -0.707097 0.000000 -0.707099 -0.000002 1.000000 0.000001 3070a.dat
1 14 -72.882540 -381.142500 -179.999600 0.707099 0.000001 -0.707097 -0.707097 0.000000 -0.707099 -0.000002 1.000000 0.000001 3070a.dat
0 NOFILE
0 FILE controller
0 controller
0 Name:  controller
0 Author:  
0 CustomBrick
0 NumOfBricks:  8
1 15 56.000740 -90.000000 81.799560 0.000000 0.000000 1.000000 0.000000 1.000000 0.000000 -1.000000 0.000000 0.000000 95646.dat
1 16 6.000000 -149.999700 -72.200440 1.000015 0.000000 0.000000 0.000000 0.000000 1.000000 0.000000 -1.000010 0.000000 manual_switch
1 1 -24.000240 -69.999850 -18.199950 -1.000000 0.000000 0.000000 0.000000 0.000000 -1.000000 0.000000 -1.000000 0.000000 32523.dat
1 1 -24.000240 -49.999680 -18.200200 0.000000 -1.000000 0.000000 0.000000 0.000000 -1.000000 1.000000 0.000000 0.000000 6558.dat
1 1 -24.000240 -89.999850 -18.199950 0.000000 -1.000015 0.000000 0.000000 0.000000 -1.000000 1.000010 0.000000 0.000000 6558.dat
0 NOFILE
0 FILE manual_switch
0 manual_switch
0 Name:  manual_switch
0 Author:  
0 CustomBrick
0 NumOfBricks:  4
1 15 -30.000000 -34.000010 80.000000 0.000000 -1.000000 0.000000 1.000000 0.000000 0.000000 0.000000 0.000000 1.000000 95648.dat
1 4 10.000020 -34.875030 -20.350040 -1.000000 0.000000 0.000000 0.000000 0.000000 -1.000000 0.000000 -1.000000 0.000000 3941.dat
1 0 10.000110 -34.974560 -44.192560 1.000001 0.000000 0.000000 0.000000 0.000000 1.000021 0.000000 -1.000000 0.000000 2654.dat
1 0 10.000050 -34.875020 -18.810030 0.000000 0.000000 1.000000 0.000000 -1.000000 0.000000 1.000000 0.000000 0.000000 4519.dat
0 NOFILE
0 FILE detector
0 detector
0 Name:  detector
0 Author:  
0 CustomBrick
0 NumOfBricks:  46
1 71 10.999750 -150.000000 30.000000 -1.000000 0.000000 0.000000 0.000000 0.000000 1.000000 0.000000 1.000000 0.000000 32525.dat
1 71 10.999750 -150.000000 -10.000110 1.000000 0.000000 0.000000 0.000000 0.000000 -1.000000 0.000000 1.000000 0.000000 32525.dat
1 7 -30.000300 -30.000000 -50.000000 0.000000 0.000000 1.000000 0.000000 1.000000 0.000000 -1.000000 0.000000 0.000000 40490.dat
1 71 -30.000300 -40.000000 -49.999980 0.000000 0.000000 1.000000 -1.000000 0.000000 0.000000 0.000000 -1.000000 0.000000 3749.dat
1 22 -50.000100 -15.000000 49.999900 0.000000 0.000000 1.000000 0.000000 1.000000 0.000000 -1.000000 0.000000 0.000000 32065.dat
1 72 -40.000200 -10.000000 59.999900 0.000000 0.000000 1.000000 0.000000 1.000000 0.000000 -1.000000 0.000000 0.000000 3033.dat
1 72 -40.125200 -17.875000 160.000400 1.000000 0.000000 0.000000 0.000000 1.000000 0.000000 0.000000 0.000000 1.000000 3709b.dat
1 22 -50.000100 -15.000000 -30.000200 0.000000 0.000000 1.000000 0.000000 1.000000 0.000000 -1.000000 0.000000 0.000000 32065.dat
1 71 -90.000110 -20.000000 49.999900 0.000000 -1.000000 0.000000 1.000000 0.000000 0.000000 0.000000 0.000000 1.000000 4274.dat
1 71 -90.000110 -20.000000 -30.000200 0.000000 -1.000000 0.000000 1.000000 0.000000 0.000000 0.000000 0.000000 1.000000 4274.dat
1 72 -110.000300 -20.000000 -29.999990 0.000000 -1.000000 0.000000 1.000000 0.000000 0.000000 0.000000 0.000000 1.000000 32002.dat
1 72 -110.000100 -20.000000 49.999900 0.000000 -1.000000 0.000000 1.000000 0.000000 0.000000 0.000000 0.000000 1.000000 32002.dat
1 71 9.999760 -70.000000 -30.000110 1.000000 0.000000 0.000000 0.000000 1.000000 0.000000 0.000000 0.000000 1.000000 48989.dat
1 71 -10.000180 -50.000000 49.999850 0.000000 0.000000 -1.000000 0.000000 1.000000 0.000000 1.000000 0.000000 0.000000 55615.dat
1 71 -10.000240 -50.000000 -30.000110 0.000000 0.000000 -1.000000 0.000000 1.000000 0.000000 1.000000 0.000000 0.000000 55615.dat
1 71 -50.000100 -30.000000 49.999900 0.000000 0.000000 1.000000 0.000000 1.000000 0.000000 -1.000000 0.000000 0.000000 32524.dat
1 71 -50.000300 -30.000000 -30.000000 0.000000 0.000000 1.000000 0.000000 1.000000 0.000000 -1.000000 0.000000 0.000000 32524.dat
1 71 9.999820 -70.000000 49.999860 1.000000 0.000000 0.000000 0.000000 1.000000 0.000000 0.000000 0.000000 1.000000 48989.dat
1 0 -50.575200 -15.000000 69.999880 0.000000 0.000000 -1.000000 0.000000 1.000000 0.000000 1.000000 0.000000 0.000000 32017.dat
1 15 -50.000200 -10.000010 -50.000000 0.000000 0.000000 -1.000000 0.000000 -1.000000 0.000000 -1.000000 0.000000 0.000000 32348.dat
1 15 -10.000270 -10.000000 -50.000000 0.000000 0.000000 1.000000 0.000000 1.000000 0.000000 -1.000000 0.000000 0.000000 32348.dat
1 0 -90.000320 -40.000000 -29.999990 0.000000 1.000000 0.000000 -1.000000 0.000000 0.000000 0.000000 0.000000 1.000000 2780.dat
1 4 -30.000300 -50.000000 -49.999980 0.000000 0.000000 -1.000000 0.000000 1.000000 0.000000 1.000000 0.000000 0.000000 32140.dat
1 0 49.999720 -20.000010 -50.000020 0.000000 1.000000 0.000000 -1.000000 0.000000 0.000000 0.000000 0.000000 1.000000 2780.dat
1 71 -10.000300 -20.000000 -50.000000 0.000000 0.000000 1.000000 1.000000 0.000000 0.000000 0.000000 1.000000 0.000000 3749.dat
1 0 -110.000300 -20.000000 -50.000000 0.000000 1.000000 0.000000 -1.000000 0.000000 0.000000 0.000000 0.000000 1.000000 2780.dat
1 71 -50.000190 -20.000010 -50.000000 0.000000 -1.000000 0.000000 1.000000 0.000000 0.000000 0.000000 0.000000 1.000000 3749.dat
1 71 29.999760 -40.000000 -50.000110 0.000000 0.000000 1.000000 -1.000000 0.000000 0.000000 0.000000 -1.000000 0.000000 3749.dat
1 71 29.999760 -50.000000 -50.000110 0.000000 -1.000000 0.000000 1.000000 0.000000 0.000000 0.000000 0.000000 1.000000 6536.dat
1 71 -9.000210 -230.000000 10.000000 0.000000 1.000000 0.000000 -1.000000 0.000000 0.000000 0.000000 0.000000 1.000000 63869.dat
1 1 10.999750 -210.000000 9.999889 0.000000 -1.000000 0.000000 0.000000 0.000000 -1.000000 1.000000 0.000000 0.000000 6558.dat
1 1 -90.000320 -30.000000 -50.000000 0.000000 1.000000 0.000000 -1.000000 0.000000 0.000000 0.000000 0.000000 1.000000 6558.dat
1 1 10.999750 -250.000000 10.000000 0.000000 0.000000 1.000000 0.000000 -1.000000 0.000000 1.000000 0.000000 0.000000 6558.dat
1 15 -9.000199 -207.960000 10.000000 0.000001 1.000000 0.000000 1.000000 -0.000001 0.000000 0.000000 0.000000 -1.000000 95652.dat
1 71 -9.000210 -236.240000 10.000000 0.000000 1.000000 0.000000 1.000000 0.000000 0.000000 0.000000 0.000000 -1.000000 4519.dat
1 71 -30.000180 -20.000000 69.999840 0.000000 -1.000000 0.000000 1.000000 0.000000 0.000000 0.000000 0.000000 1.000000 4274.dat
1 71 -90.575210 -20.000000 69.999880 0.000000 -1.000000 0.000000 1.000000 0.000000 0.000000 0.000000 0.000000 1.000000 4274.dat
1 15 -110.000200 -10.000000 69.999910 0.000001 0.000000 -1.000000 0.000000 -1.000000 0.000000 -1.000000 0.000000 -0.000001 32348.dat
1 0 -170.000200 -20.000000 69.999860 0.000000 1.000000 0.000000 -1.000000 0.000000 0.000000 0.000000 0.000000 1.000000 2780.dat
1 71 -10.000180 -40.000000 69.999840 0.000000 0.000000 1.000000 -1.000000 0.000000 0.000000 0.000000 -1.000000 0.000000 3749.dat
1 71 -10.000180 -50.000000 69.999840 0.000000 1.000000 0.000000 1.000000 0.000000 0.000000 0.000000 0.000000 -1.000000 6536.dat
1 7 -90.000190 -30.000000 69.999850 0.000000 0.000000 1.000000 0.000000 1.000000 0.000000 -1.000000 0.000000 0.000000 40490.dat
1 71 -50.000190 -50.000000 59.999860 0.000000 0.000000 -1.000000 0.000000 1.000000 0.000000 1.000000 0.000000 0.000000 3749.dat
1 71 -50.000190 -50.000000 69.999850 0.000000 -1.000000 0.000000 0.000000 0.000000 1.000000 -1.000000 0.000000 0.000000 6536.dat
1 71 -110.000200 -20.000000 69.999850 0.000000 0.000000 1.000000 1.000000 0.000000 0.000000 0.000000 1.000000 0.000000 3749.dat
1 71 -70.000200 -40.000000 69.999850 0.000000 0.000000 1.000000 1.000000 0.000000 0.000000 0.000000 1.000000 0.000000 3673.dat
0 NOFILE
0 FILE checker
0 checker
0 Name:  checker
0 Author:  
0 CustomBrick
0 NumOfBricks:  9
1 15 -7.750000 -22.000000 15.500000 -1.000000 0.000000 0.000000 0.000000 1.000000 0.000000 0.000000 0.000000 -1.000000 95650.dat
1 1 -7.750000 -22.000000 35.500000 -1.000000 0.000000 0.000000 0.000000 1.000000 0.000000 0.000000 0.000000 -1.000000 6558.dat
1 1 -7.750000 -22.000000 -4.500000 -1.000000 0.000000 0.000000 0.000000 1.000000 0.000000 0.000000 0.000000 -1.000000 6558.dat
1 0 12.250000 -32.000000 15.500000 0.000000 0.000000 -1.000000 0.000000 1.000000 0.000000 1.000000 0.000000 0.000000 3701.dat
1 0 -27.750000 -32.000000 15.500000 0.000000 0.000000 -1.000000 0.000000 1.000000 0.000000 1.000000 0.000000 0.000000 3701.dat
1 14 2.250000 -16.000000 -44.500000 -1.000000 0.000000 0.000000 0.000000 1.000000 0.000000 0.000000 0.000000 -1.000000 3020.dat
1 2 -17.750000 -8.000000 15.500000 0.000000 0.000000 -1.000000 0.000000 1.000000 0.000000 1.000000 0.000000 0.000000 3034.dat
1 2 22.250000 -8.000000 15.500000 0.000000 0.000000 -1.000000 0.000000 1.000000 0.000000 1.000000 0.000000 0.000000 3034.dat
1 2 2.250000 -16.000000 95.500000 -1.000000 0.000000 0.000000 0.000000 1.000000 0.000000 0.000000 0.000000 -1.000000 3020.dat
0 NOFILE
0 FILE curves
0 curves
0 Name:  curves
0 Author:  
0 CustomBrick
0 NumOfBricks:  8
1 72 -706.322800 -8.000000 -511.472400 0.000000 0.000000 -1.000002 0.000000 1.000000 0.000000 1.000001 0.000000 0.000000 53400.dat
1 72 -645.439000 -8.000000 -205.416500 0.382697 0.000000 -0.923876 0.000000 1.000000 0.000000 0.923875 0.000000 0.382697 53400.dat
1 72 -472.063900 -8.000000 54.042480 0.707127 0.000000 -0.707089 0.000000 1.000000 0.000000 0.707089 0.000000 0.707127 53400.dat
1 72 -212.598600 -8.000000 227.401900 0.923897 0.000000 -0.382648 0.000000 1.000000 0.000000 0.382647 0.000000 0.923897 53400.dat
1 72 93.462160 -8.000000 288.268600 1.000002 0.000000 0.000052 0.000000 1.000000 0.000000 -0.000053 0.000000 1.000001 53400.dat
1 72 399.515600 -8.000000 227.368700 0.923854 0.000000 0.382745 0.000000 1.000000 0.000000 -0.382745 0.000000 0.923854 53400.dat
1 72 658.964800 -8.000000 53.983890 0.707050 0.000000 0.707164 0.000000 1.000000 0.000000 -0.707163 0.000000 0.707050 53400.dat
1 72 832.300300 -8.000000 -205.486300 0.382597 0.000000 0.923915 0.000000 1.000000 0.000000 -0.923916 0.000000 0.382597 53400.dat
0 NOFILE
0 FILE curves2
0 curves2
0 Name:  curves2
0 Author:  
0 CustomBrick
0 NumOfBricks:  8
1 72 -491.766000 -8.000000 707.046400 1.000000 0.000000 0.000000 0.000000 1.000000 0.000000 0.000000 0.000000 1.000000 53400.dat
1 72 -185.710000 -8.000000 646.166300 0.923874 0.000000 0.382696 0.000000 1.000000 0.000000 -0.382696 0.000000 0.923874 53400.dat
1 72 73.748760 -8.000000 472.793800 0.707088 0.000000 0.707126 0.000000 1.000000 0.000000 -0.707126 0.000000 0.707088 53400.dat
1 72 247.107200 -8.000000 213.325800 0.382647 0.000000 0.923895 0.000000 1.000000 0.000000 -0.923895 0.000000 0.382647 53400.dat
1 72 307.971400 -8.000000 -92.733630 -0.000053 0.000000 1.000000 0.000000 1.000000 0.000000 -1.000000 0.000000 -0.000053 53400.dat
1 72 247.075000 -8.000000 -398.787200 -0.382744 0.000000 0.923852 0.000000 1.000000 0.000000 -0.923852 0.000000 -0.382744 53400.dat
1 72 73.689090 -8.000000 -658.236000 -0.707162 0.000000 0.707049 0.000000 1.000000 0.000000 -0.707049 0.000000 -0.707162 53400.dat
1 72 -185.787600 -8.000000 -831.580300 -0.923914 0.000000 0.382597 0.000000 1.000000 0.000000 -0.382596 0.000000 -0.923914 53400.dat
0 NOFILE
